300
107 220
209 371
369 157
417 453
348 441
113 129
71 349
33 21
73 317
249 150
400 264
13 428
354 284
506 418
172 111
88 297
443 293
292 213
134 509
270 501
10 370
133 101
184 118
468 198
122 465
62 99
411 107
20 70
166 403
272 288
92 124
162 55
196 49
225 364
442 157
458 384
381 498
335 212
118 329
434 253
219 117
367 456
236 31
399 253
354 198
11 114
99 471
363 401
388 315
229 440
60 384
473 468
338 213
331 241
311 221
418 485
106 161
392 228
16 89
323 385
79 130
52 159
420 100
251 186
462 175
394 132
54 287
469 318
431 405
264 456
382 392
317 153
136 234
297 206
137 436
417 190
496 477
183 119
20 406
337 293
306 509
99 137
405 241
495 332
218 414
388 378
382 54
96 416
290 249
20 427
29 123
27 73
45 504
380 153
31 388
479 11
157 201
269 51
328 327
243 276
443 473
91 446
323 276
60 102
425 336
350 488
344 233
116 217
277 351
155 323
480 256
459 69
309 31
244 385
298 227
332 72
423 247
434 352
181 473
87 50
134 290
420 103
214 185
273 24
87 320
33 370
240 389
245 106
398 253
38 314
373 280
309 186
419 474
488 435
266 343
340 498
97 351
477 342
257 30
79 424
208 460
160 213
509 419
298 230
220 382
83 246
443 10
146 473
220 210
287 429
411 408
52 190
446 232
49 406
352 359
315 302
312 65
36 50
485 420
104 291
183 178
91 57
472 302
200 39
49 509
393 60
144 463
398 378
53 448
133 42
415 342
221 267
29 290
278 21
183 82
27 43
218 234
60 238
406 216
72 350
122 43
302 93
400 209
446 390
366 77
470 302
443 170
482 190
154 297
211 491
454 369
440 280
208 229
297 372
442 368
423 442
317 285
225 170
162 388
449 39
45 362
329 97
241 184
60 77
46 387
223 252
419 319
190 336
507 52
400 391
390 231
170 196
25 85
237 363
308 64
141 105
400 209
104 93
331 193
320 18
345 361
297 335
278 37
354 458
296 268
100 199
267 464
280 453
276 466
301 32
269 340
273 176
405 320
323 185
99 337
171 411
369 439
118 89
82 407
119 345
461 293
69 87
65 445
396 323
120 279
38 273
320 67
74 134
191 345
46 116
346 282
350 327
47 111
386 324
291 317
427 157
10 46
384 377
391 416
11 357
88 110
393 338
305 426
485 153
302 467
175 503
136 247
165 412
145 245
63 79
373 49
328 409
70 480
262 86
210 85
454 164
236 294
277 48
505 435
285 248
268 306
485 212
412 19
246 355
197 228
72 152
436 56
59 233
297 280
309 52
338 444
326 338
11 438
464 214
68 205
381 146
446 145
452 171
230 480
435 257
