1000
77701 449987
406265 317415
77359 313247
443164 149350
38635 332864
39232 413901
463741 434724
148980 191230
397287 98129
143315 278582
272476 104424
39708 334173
87415 62906
314415 353292
83447 28578
257784 236073
202965 241206
487120 404945
291521 40504
78026 448340
343760 177391
178512 109356
72305 211230
83213 287219
25429 143591
251629 237462
89942 89208
399839 400823
183352 175569
138954 465601
401244 17656
115315 236221
351329 102694
179924 298151
121651 255112
290587 139472
261251 326413
459595 35202
41603 164587
245768 436323
317061 20080
413567 355907
344220 73796
411617 244694
180875 125760
343555 333603
22331 5763
331311 218814
281169 234916
183537 301644
124573 106454
241796 29452
161377 426684
320654 15232
111136 45402
458170 88183
237149 239904
367990 132938
391059 180566
413411 172798
142703 42277
227547 281051
283480 412894
386689 210441
66369 59037
316404 51860
195136 278639
192169 278833
468934 387300
328916 356939
454679 484168
484866 142038
305852 451023
476174 415818
329437 477513
17843 476174
148601 23359
65909 118007
322673 372577
313481 292374
126708 422498
335978 407208
468671 142570
206226 357177
486670 292351
486889 446925
316779 111376
201766 315453
142767 89383
237793 475362
123574 6251
155134 486062
311370 153993
62533 95098
97580 207951
428623 334074
327132 355555
145356 158781
400919 184758
58387 471225
64400 469260
151138 478952
346275 26294
157653 127336
322862 487113
377805 227673
431720 99920
321837 54458
81055 372076
114819 375102
141796 435648
306651 479142
438208 373094
26485 49755
101834 373185
97726 392485
464936 303825
230811 366428
211794 208476
113604 436443
18999 424479
342526 396291
43070 308641
152244 239445
291167 364309
16881 201613
428695 241830
391445 37067
316239 75776
46318 413402
11209 29989
297085 35509
272968 274215
403475 402527
345183 215666
375481 227028
478577 426962
96021 357610
34139 158805
193376 107071
67090 322052
332971 2131
322513 256239
270070 252981
187001 393401
139273 279796
207360 235120
9821 50959
306099 274803
5700 153169
12187 110259
138292 94384
256186 126738
386143 45134
187874 446049
483456 458824
405012 326227
438658 234866
256176 31408
258711 81255
113405 40085
334785 65590
335768 25789
17403 83030
323646 298143
491702 195930
481258 431151
259371 406211
314821 277384
25967 10246
156502 408723
124379 140666
495149 366772
205533 18405
486058 4031
421768 385923
379092 178753
452219 285032
348880 344514
145608 37616
253727 355909
194922 463856
244710 135739
203132 81597
179892 490997
489092 20889
86730 199016
417444 330559
145997 88436
288442 75425
273805 302598
25514 444110
149222 260325
9623 68814
134768 401689
116769 116327
216675 416071
242348 255640
302450 403871
100173 68866
296289 182754
95379 162917
29985 181849
202070 433868
290241 272370
206964 454720
299926 6341
488235 49734
75989 144613
30165 482581
377184 50904
440610 50520
214633 138543
93794 348311
402391 34272
422751 215340
234597 127107
250478 186001
46471 427309
247105 494793
167831 366502
476414 481673
423825 24958
177165 272644
17312 401170
465979 59886
314093 80444
356122 287283
322899 288501
432404 75860
234140 62049
207429 371060
205966 62668
33423 456425
85061 251112
65220 206490
58579 254264
328306 293535
486535 267035
142204 267807
348867 434617
467496 341268
285010 157208
306213 26605
274104 24824
239367 404733
143840 66407
189271 173159
368876 357943
108209 281956
122495 129805
147779 216957
24821 326713
150850 220093
236330 56236
238331 387963
152975 411880
192915 470205
364550 47528
283764 388584
179704 301854
68229 59991
280883 315506
333742 338841
203596 99931
58032 403478
344670 386551
319282 313566
465140 180885
198856 305124
235617 253228
65044 117811
317744 149613
39506 435391
32824 328450
192768 276172
33761 395071
391468 45230
197690 338736
298481 57112
379998 253992
155290 363648
177554 429441
202563 430788
257891 248489
105017 371625
63904 264551
19298 390606
291326 146409
370261 69414
154483 149662
385440 415473
489895 373324
196921 267684
448123 62996
171416 56371
494671 46219
59747 480741
88270 228400
474378 140437
315091 157032
441823 89314
126680 262120
271538 48591
134949 125783
444683 289917
425166 79040
407572 477017
430072 90642
167594 344260
282061 358573
25615 365136
234555 57606
457066 362678
182161 290880
366001 204585
267261 199663
204062 141938
57554 140644
64917 256670
7121 206493
424287 40791
167405 317204
481565 84384
339713 209833
467264 270228
209930 368008
405568 442508
281815 369011
262292 344234
444967 251378
148355 380655
182594 27319
311484 331701
190301 198082
248071 136713
252544 334337
148724 388815
13916 398670
76617 357963
275531 223792
116315 236771
80096 285776
24562 472888
375977 269820
447086 96955
155933 158079
479544 428529
71169 259108
12191 98116
224893 392838
440131 329390
31216 203760
55013 430404
80307 242606
445824 336380
267725 408841
255698 472680
14775 252432
245568 147778
181257 324389
444548 471705
314464 25828
192831 389776
487923 17227
388405 265882
404571 205769
308826 116371
244479 492486
493928 112007
290391 96237
492679 240677
442055 483219
2848 58927
107795 423454
266900 220544
366928 439148
162764 107034
304758 303829
434255 196213
472473 172796
190958 432926
161653 424443
70780 23533
123472 418743
26886 197729
176798 124003
334173 27510
128087 441609
361927 62540
164427 50267
199440 356016
112280 145419
62586 334143
401740 118324
346051 266918
115515 450090
128996 410963
250095 83527
433793 383174
233609 111623
333682 421180
172787 95728
107993 80778
480236 378455
77224 40399
239489 211755
21432 461547
35319 319926
219331 470096
16515 136700
302259 378874
230091 281845
299669 314383
178690 87605
42481 157049
425017 64086
491993 199937
17324 373339
432746 428457
199960 360052
298051 72222
154447 8448
19458 408545
173568 27133
339856 387529
313550 151041
473543 377546
301285 351811
373683 495415
52251 6357
94148 134178
211149 171590
5032 478743
419988 358032
464953 286342
197794 431243
325028 145780
362269 222169
26577 219807
415257 245351
179376 337228
38080 208720
84615 223077
250266 464113
52044 38738
258712 202842
119806 319479
493659 351198
18477 167932
306941 365819
374976 296338
496575 170035
304777 292157
445270 437541
385574 37984
13379 406975
371695 392505
134964 393336
37231 52362
410220 213862
22551 147343
390999 402431
451170 88515
241835 73941
229446 45506
413107 186716
97140 432380
126628 217017
141539 297037
241920 27456
211557 283978
363587 16049
257380 413370
136561 145230
456232 218584
113866 336744
270482 48265
90497 185757
85266 348200
431972 382927
6854 336566
182508 254972
355665 453426
429796 92925
115899 135637
65191 9839
106608 267483
386192 422951
145150 428198
164670 463479
241370 235286
256782 300193
3459 263404
402097 353215
204868 403644
249811 470902
22122 63904
454718 185005
492016 84739
100406 258630
301195 2180
457283 339085
122227 332903
202210 487706
137752 246942
34034 252785
81664 260504
149670 486367
206908 117569
472615 473076
8972 7906
386841 498200
299518 306515
47930 167349
414953 91763
306051 259361
361137 294524
190392 133742
471370 389307
38966 126016
397646 136079
25925 424465
378775 422612
287784 349745
395404 306827
324139 478902
363286 184876
134578 387118
368306 25080
467668 223640
119485 235659
433078 113858
164929 173853
406013 395017
429012 186899
420125 93305
253496 336964
35058 372852
318676 465525
87407 284729
109952 96335
96587 189427
208737 373082
197475 142727
11557 374453
314756 148059
3662 437050
221025 28884
334575 165882
151421 230149
196204 206624
140525 180375
264314 390652
406341 270196
161353 103426
310062 25342
314954 112103
155362 31813
5880 463977
170714 311142
471599 267152
69505 458600
142180 112940
294749 109734
227221 93336
430319 220684
162501 376648
449657 230755
499912 325163
4984 226073
460952 176439
252862 347708
77603 485178
370354 382725
346497 199479
451781 54140
446551 412045
389135 303448
497416 194331
350536 380585
86641 229237
433809 157655
94549 303501
339617 270883
105168 108893
233122 143752
359792 227800
105265 270920
400467 360353
139258 463653
448515 147822
25972 20344
321011 392397
417333 247032
499718 270428
131943 70142
83956 194075
467876 414827
405286 487108
454718 472832
221550 273146
439478 295773
94085 206858
95816 112606
12778 2131
845 58182
426891 347888
85771 292422
52183 174011
395949 233089
371036 324874
488280 498860
267788 129442
94346 177655
315856 355718
13150 482611
45882 79554
474192 19269
441197 31335
295249 401511
252564 14983
91493 3900
63433 135334
125343 121104
71832 118360
200458 186375
239459 18460
438111 25719
410562 188508
485946 5344
11635 81223
8660 185251
279346 406712
317882 426290
374322 54685
453401 300196
221928 386758
77810 473564
41793 27432
495723 329954
77150 414181
447514 477885
495637 281011
296163 296096
249575 427838
265199 79614
164192 849
408407 463219
162844 380051
466181 320308
85893 54580
210515 395027
429638 266592
338530 135496
410106 303495
461732 465605
340084 282231
17341 63907
401036 87389
162471 41433
91706 13445
314005 427603
295194 317760
421970 470272
433420 265597
112452 224569
311924 274789
164425 332794
437533 71547
116234 61044
387760 289224
49504 154304
163308 484022
314583 433801
486787 248891
129460 207537
168697 476023
451898 467867
284351 355170
190494 258671
161 292364
370565 278900
358525 36102
32572 34617
33570 288860
413425 447214
487530 27474
149602 368338
149530 177065
387349 449665
23588 429930
476199 92499
273028 383335
493310 387021
88872 257267
239769 415394
5836 408120
352126 207006
60664 421552
226184 102198
172398 495006
122540 235091
65211 84269
456560 425934
199759 268225
122267 216949
348853 143671
286294 464360
439904 364099
435708 411919
43000 372939
43949 211736
428709 376678
469273 286313
410010 300445
379973 409482
48898 472780
147582 271594
442837 396008
148402 424654
242582 335155
370806 398859
84187 338702
132839 440556
232004 277226
494269 455417
436054 195278
161673 480042
317808 221066
301422 303025
61807 291684
499639 217959
448116 171687
62706 270665
111549 296099
281280 464777
424096 130858
432811 156243
22046 314032
319863 498750
55276 250330
156376 10073
2264 24430
429563 330941
64824 28819
448994 465977
463858 41304
392687 125928
233917 478711
80024 388430
176231 187149
413377 347987
208922 120914
146531 347683
152244 304295
17951 396807
167204 457151
126473 94475
471013 217642
131820 236726
42043 407764
468919 324665
401565 271730
349764 53809
171688 270357
419410 179883
341400 152689
140501 211845
124529 494657
377707 317065
468434 367882
161819 337089
112460 56947
72659 218045
238482 84697
9368 198266
188001 423285
93753 95571
211664 22619
285909 356148
282526 480663
150060 446373
416454 469557
89740 296746
238298 448688
73972 172601
73886 255117
126818 62770
261446 118996
77556 277368
112387 220114
148985 243787
177464 115868
140726 399081
15522 328725
126785 460766
373379 85186
27675 9520
101839 63759
418180 198325
446716 185762
458659 289579
428863 28859
444139 358790
464975 1237
384066 363647
307331 384179
243560 73282
228444 429785
350661 387568
336055 372601
243070 77193
193769 277811
30782 245399
208881 112772
89662 413872
493315 19376
371879 213831
234390 42466
271872 47970
4699 429947
375650 115304
390104 435342
203212 31114
230869 482696
208707 288262
258736 449415
39850 348635
424659 6438
150512 52786
5160 358492
317348 127998
351217 458735
140598 120052
2414 241778
227603 65625
313279 12216
199444 318911
78034 224873
332929 194143
472985 190719
385075 129192
240558 385635
41882 21069
420334 333432
343800 492487
87462 392588
217229 200543
420628 288784
136655 474786
329822 238513
122463 178680
309748 311909
498014 432628
178711 822
23705 292496
137971 490204
124209 325165
27772 202390
72247 61225
422114 123513
209612 443199
129432 51146
251825 226496
285889 488645
346535 56407
199319 1148
227003 214708
237328 57690
492912 177110
468195 192267
425222 340661
48935 414298
295559 35693
91296 159122
227757 295615
466039 405349
89689 158143
26577 455796
444621 87840
260040 68849
270251 102310
391398 442292
53874 10770
98816 65396
273247 58811
280794 324170
175680 420923
133159 260442
339472 333056
253976 173300
371246 100024
271227 219697
191107 246325
127318 214948
186183 299864
178197 377065
349274 492339
417457 443458
180055 197416
19436 472317
183487 146319
377544 92607
57071 376571
77209 107391
250021 354330
205801 180403
303632 423272
472849 432770
363323 191244
492986 183715
167088 27379
228448 447246
438863 2781
451189 34092
86691 268956
191858 320624
61528 231096
272903 36145
477053 451808
1486 351444
65603 235516
221156 309045
357447 265868
99843 50651
185191 239001
68970 220155
433473 290117
138515 261465
335558 357605
318041 440184
472222 226640
420487 391714
20968 288666
296880 243986
456333 137174
294706 472785
377774 422097
378109 375692
64442 83313
205844 25361
455955 388950
78870 497232
340310 144536
297493 279845
259783 80008
47121 156997
426995 23034
400767 224548
221864 112438
65186 285331
378118 47222
22625 336672
436882 263200
432477 191433
369690 425109
299800 161580
480779 168759
46964 118144
85749 67586
20442 233440
374646 264934
22488 180697
463402 226263
207244 153737
327404 326651
91859 131727
183574 278335
482048 265433
81674 211051
442250 403243
6259 80207
78478 243141
277641 368204
379561 439249
498923 153054
493880 362658
348207 305627
67916 57280
293833 382778
255307 399519
83300 464692
460120 191683
322242 444474
65550 223935
222375 121517
198013 271207
318280 254555
379144 82841
376481 423637
432340 339357
489136 342828
246977 288796
313919 459478
267340 443923
312356 426865
243847 448386
154918 406683
314626 266424
